       num_critic_for_reviews    duration  actor_3_facebook_likes  ACTOR_1_facebook_likes         gross  num_voted_users  Cast_Total_facebook_likes  facenumber_in_poster  num_user_for_reviews        budget   title_year  ACTOR_2_facebook_likes  imdb_score  title_year.1
count               14.000000   14.000000               14.000000               14.000000  1.400000e+01     1.400000e+01                  14.000000             14.000000             14.000000  1.400000e+01    14.000000               14.000000   14.000000     14.000000
mean               506.142857  150.727273             5866.142857            18206.428571  3.335836e+08     4.621578e+05               44773.583333              2.111111           1620.071429  2.462643e+08  2010.500000             8455.846154    7.171429   2011.142857
std                169.069789   19.014533             8289.592695            13905.214361  1.720674e+08     2.581643e+05               34302.559168              0.995717            866.672102  2.426823e+07     3.632122             8205.946145    0.673028      2.701241
min                302.000000  106.000000              161.000000              451.000000  7.305868e+07     2.122040e+05                1873.000000              1.000000            387.000000  2.000000e+08  2006.000000              393.000000    6.100000   2007.000000
25%                379.250000  142.750000              611.250000             3500.000000  2.002574e+08     3.015562e+05               14887.500000              1.250000           1024.750000  2.390000e+08  2007.250000              708.000000    6.725000   2009.535714
50%                448.000000  150.727273             1000.000000            21000.000000  3.198266e+08     4.226069e+05               45414.291667              2.111111           1240.500000  2.500000e+08  2009.500000             6727.923077    7.200000   2011.142857
75%                635.000000  155.250000             8500.000000            26000.000000  4.418561e+08     4.690822e+05               56186.250000              2.111111           2250.750000  2.560000e+08  2014.250000            11000.000000    7.500000   2011.142857
max                813.000000  183.000000            23000.000000            40000.000000  7.605058e+08     1.144337e+06              106759.000000              4.000000           3054.000000  3.000000e+08  2016.000000            23000.000000    8.500000   2016.000000

Missing Values:
movie_title                  0
num_critic_for_reviews       0
duration                     0
DIRECTOR_facebook_likes      2
actor_3_facebook_likes       0
ACTOR_1_facebook_likes       0
gross                        0
num_voted_users              0
Cast_Total_facebook_likes    0
facenumber_in_poster         0
num_user_for_reviews         0
budget                       0
title_year                   0
ACTOR_2_facebook_likes       0
imdb_score                   0
title_year.1                 0